<?xml version="1.0" standalone="no"?>
<!DOCTYPE svg PUBLIC "-//W3C//DTD SVG 20010904//EN"
 "http://www.w3.org/TR/2001/REC-SVG-20010904/DTD/svg10.dtd">
<svg version="1.0" xmlns="http://www.w3.org/2000/svg"
 width="448.000000pt" height="542.000000pt" viewBox="0 0 448.000000 542.000000"
 preserveAspectRatio="xMidYMid meet">
<metadata>
Created by potrace 1.15, written by Peter Selinger 2001-2017
</metadata>
<g transform="translate(0.000000,542.000000) scale(0.100000,-0.100000)"
fill="#000000" stroke="none">
<path d="M2313 5330 c-13 -5 -23 -14 -23 -19 0 -6 -16 -18 -35 -27 -19 -9 -35
-21 -35 -26 0 -5 -16 -34 -36 -64 l-37 -55 -1 -157 c-1 -100 2 -170 10 -192
14 -40 71 -101 94 -99 28 3 32 -1 20 -16 -7 -8 -27 -15 -44 -15 -44 -1 -67
-37 -76 -119 -8 -67 2 -134 25 -181 7 -14 15 -40 18 -58 4 -18 24 -63 46 -100
31 -52 52 -75 95 -102 50 -31 80 -70 54 -70 -6 0 -7 -8 -4 -17 4 -9 1 -20 -6
-25 -10 -6 -9 -11 5 -19 9 -5 17 -18 17 -29 0 -29 11 -50 26 -50 8 0 14 -4 14
-9 0 -5 3 -17 6 -25 5 -14 2 -15 -21 -6 -20 7 -31 7 -41 -1 -7 -6 -29 -11 -49
-11 -32 0 -36 -3 -44 -36 -18 -69 -7 -260 19 -339 12 -40 26 -73 31 -73 4 0
13 -26 20 -57 10 -44 10 -58 1 -61 -15 -5 -16 -48 -2 -57 6 -3 10 -20 10 -36
0 -28 2 -30 33 -27 28 3 33 7 37 38 l6 35 23 -48 c18 -36 31 -49 52 -54 34 -7
29 -28 -12 -42 -35 -12 -36 -18 -6 -31 16 -8 3 -9 -50 -7 -40 3 -73 1 -73 -3
0 -5 -9 -6 -20 -3 -13 4 -20 0 -20 -10 0 -8 -9 -17 -20 -20 -11 -3 -20 -1 -20
4 0 5 -11 9 -26 9 -14 0 -42 9 -62 19 -20 11 -51 25 -68 31 -32 12 -80 74 -89
113 -16 81 -38 164 -46 173 -4 5 -10 26 -13 45 -2 19 -12 54 -20 78 -9 24 -16
52 -16 62 0 11 -4 19 -8 19 -5 0 -14 24 -21 53 -14 57 -41 117 -53 117 -5 0
-8 7 -8 15 0 8 -4 15 -9 15 -8 0 -20 66 -26 138 -1 19 -6 37 -12 40 -11 8 -43
75 -43 91 0 14 -49 161 -61 184 -5 10 -14 41 -19 69 -6 29 -14 54 -19 57 -4 4
-10 35 -13 71 -3 36 -18 101 -33 145 -16 44 -28 100 -28 125 0 25 -4 50 -8 56
-5 6 -10 24 -11 40 -1 16 -13 37 -26 48 -17 14 -22 26 -19 44 8 43 -80 110
-127 97 -33 -10 -86 -39 -86 -47 0 -5 -9 -8 -21 -8 -16 0 -20 -5 -18 -28 2
-15 0 -33 -4 -40 -5 -6 -5 -16 -2 -22 3 -5 -5 -21 -19 -34 -21 -19 -26 -32
-26 -74 0 -28 -5 -54 -11 -58 -19 -11 -2 -231 22 -294 24 -62 42 -79 85 -80
26 0 33 -5 36 -25 4 -17 1 -25 -9 -25 -7 0 -16 -14 -20 -30 -3 -17 -10 -33
-14 -36 -14 -8 -10 -107 6 -134 8 -14 14 -34 15 -44 0 -10 16 -43 36 -73 19
-29 33 -57 30 -62 -3 -5 0 -31 6 -59 9 -35 20 -55 35 -63 13 -7 23 -22 23 -34
0 -29 46 -68 71 -60 10 4 19 2 19 -3 0 -12 -24 -22 -50 -22 -19 0 -27 -21 -34
-90 -2 -19 -7 -43 -11 -53 -5 -11 -2 -24 7 -35 8 -9 24 -36 35 -59 33 -68 87
-142 104 -143 8 0 25 -9 37 -20 15 -14 29 -19 47 -14 18 4 27 2 31 -10 3 -9
12 -16 20 -16 8 0 14 -4 14 -9 0 -5 11 -8 25 -8 14 0 33 -7 43 -16 9 -8 27
-18 40 -21 12 -4 22 -12 22 -17 0 -5 7 -9 16 -9 11 0 14 5 10 16 -4 11 -1 14
12 12 18 -4 23 -40 9 -70 -4 -10 -3 -27 3 -38 7 -12 7 -20 1 -20 -5 0 -13 -9
-16 -20 -5 -16 -15 -20 -52 -20 l-45 0 7 -37 c4 -21 14 -51 22 -67 9 -18 16
-58 17 -93 0 -35 5 -63 10 -63 5 0 6 -16 3 -35 -5 -30 -3 -35 14 -35 16 0 19
-5 14 -20 -3 -11 -2 -20 4 -20 5 0 11 -10 13 -22 2 -13 16 -29 33 -38 16 -8
35 -21 43 -28 7 -6 17 -12 22 -12 5 0 7 -6 5 -13 -3 -7 9 -18 27 -26 38 -17
88 -60 88 -75 0 -13 25 -36 77 -70 60 -39 113 -93 113 -116 0 -26 17 -60 31
-60 5 0 19 -9 31 -20 27 -25 80 -50 107 -50 12 0 21 -5 21 -11 0 -10 25 -8 62
6 9 4 24 -12 42 -43 16 -27 43 -57 65 -69 20 -11 43 -34 51 -50 8 -15 22 -39
32 -52 10 -13 16 -27 13 -31 -3 -5 0 -21 5 -36 10 -24 4 -21 -44 24 -30 29
-62 52 -70 52 -9 0 -16 5 -16 11 0 15 -42 59 -57 59 -7 0 -13 4 -13 9 0 5 -12
9 -27 9 -16 -1 -46 11 -67 26 -42 28 -72 33 -78 14 -4 -10 -10 -10 -29 0 -53
28 -70 40 -91 64 -15 17 -38 28 -65 33 -48 7 -53 -1 -29 -44 8 -14 12 -30 9
-37 -2 -6 5 -14 16 -17 14 -3 18 -10 14 -26 -4 -15 10 -43 46 -95 54 -78 59
-92 39 -99 -9 -3 1 -33 33 -98 26 -52 50 -110 54 -129 6 -34 6 -34 -7 -10 -7
14 -38 81 -68 150 -29 69 -66 143 -82 164 -15 22 -28 48 -28 57 0 9 -6 22 -14
28 -8 7 -12 20 -9 31 4 14 -1 21 -19 25 -13 3 -29 19 -37 36 -7 17 -24 35 -37
41 -18 8 -22 17 -18 33 5 21 2 23 -43 27 -33 3 -52 1 -59 -9 -6 -7 -30 -13
-53 -13 -45 0 -48 -5 -26 -37 14 -20 13 -22 -20 -37 -19 -10 -35 -21 -35 -26
0 -14 -37 -13 -42 1 -2 7 -17 7 -46 1 -23 -6 -42 -6 -42 -2 0 10 -50 20 -67
13 -17 -7 -17 -33 0 -34 6 0 2 -4 -10 -9 -30 -12 -29 -43 2 -60 28 -15 33 -30
10 -30 -8 0 -15 -7 -15 -15 0 -24 -56 -20 -63 5 -7 26 -21 25 -35 -3 -8 -17
-11 -18 -11 -4 -1 9 -5 17 -11 17 -13 0 -13 -16 0 -39 7 -13 4 -23 -10 -39
-10 -11 -23 -22 -28 -23 -5 -2 -12 -16 -16 -31 -5 -21 -3 -28 9 -28 8 0 15 -4
15 -9 0 -6 -13 -6 -32 1 -18 5 -41 12 -50 15 -11 3 -18 0 -18 -8 -1 -10 -4 -8
-11 4 -12 21 -39 23 -39 2 0 -8 -9 -23 -20 -32 -11 -10 -20 -23 -20 -29 0 -7
-8 -10 -20 -7 -16 4 -20 0 -20 -21 0 -16 -6 -26 -15 -26 -8 0 -20 -10 -26 -22
-11 -20 -13 -20 -24 -4 -7 9 -11 25 -8 35 3 10 0 22 -6 25 -18 12 -12 23 14
30 27 7 34 26 10 26 -8 0 -15 7 -15 15 0 8 -4 15 -9 15 -5 0 -12 8 -16 19 -9
28 -41 62 -56 59 -8 -2 -15 7 -17 20 -2 12 -21 41 -43 64 -21 22 -41 49 -44
58 -3 10 -19 23 -35 30 -21 9 -30 19 -30 35 0 26 -53 85 -76 85 -8 0 -17 7
-20 15 -4 8 -13 15 -21 15 -11 0 -14 7 -10 22 7 26 -8 58 -28 58 -8 0 -18 6
-22 14 -11 18 -123 0 -123 -21 0 -7 -4 -13 -9 -13 -5 0 -18 -3 -28 -7 -13 -4
-11 2 10 24 17 18 25 36 22 46 -5 12 -2 14 14 10 17 -4 20 0 19 26 -1 18 4 37
10 43 7 7 12 22 12 35 0 13 6 32 13 43 10 17 9 22 -3 30 -13 8 -12 10 3 10 9
0 17 -4 17 -10 0 -5 7 -10 15 -10 8 0 15 6 15 14 0 23 -29 46 -58 46 -25 1
-25 2 -9 14 9 7 17 23 17 36 0 41 -22 98 -40 103 -9 2 -20 17 -23 33 -3 16
-19 43 -36 60 -16 16 -33 42 -36 57 -5 18 -14 27 -26 27 -22 0 -53 16 -83 43
-16 14 -30 17 -58 13 -20 -3 -40 -2 -43 4 -3 5 -18 10 -33 10 -17 0 -32 8 -40
21 -7 11 -19 18 -27 15 -8 -3 -15 0 -18 7 -2 8 -17 8 -53 2 -42 -9 -51 -15
-66 -45 -16 -33 -16 -40 3 -130 11 -52 31 -118 45 -147 13 -28 24 -56 24 -62
0 -14 68 -128 89 -149 9 -9 29 -37 44 -62 29 -52 96 -123 138 -147 16 -10 29
-23 29 -31 0 -10 8 -12 30 -7 19 4 30 3 30 -5 0 -6 16 -24 35 -41 19 -17 35
-37 35 -45 0 -8 18 -33 40 -56 22 -24 40 -46 40 -49 0 -12 58 -69 69 -69 6 0
11 -12 11 -26 0 -17 6 -28 20 -31 11 -3 20 -10 20 -15 0 -5 11 -20 25 -34 13
-13 29 -33 35 -44 6 -11 17 -20 25 -20 9 0 16 -15 20 -37 3 -21 10 -46 16 -56
6 -11 6 -17 -1 -17 -5 0 -10 -4 -10 -10 0 -5 9 -10 20 -10 17 0 19 -5 14 -25
-5 -19 -2 -25 10 -25 14 0 21 -12 17 -33 -3 -17 23 -103 35 -118 8 -8 14 -23
14 -32 0 -9 9 -22 19 -29 10 -6 17 -17 14 -23 -2 -7 5 -15 16 -18 14 -3 18
-10 14 -26 -11 -41 25 -104 107 -190 52 -54 80 -92 80 -106 0 -31 143 -165
176 -165 8 0 14 -7 14 -15 0 -8 7 -15 15 -15 9 0 19 -8 22 -17 4 -10 11 -21
17 -25 7 -5 4 -8 -6 -8 -9 0 -20 5 -23 10 -10 15 -35 12 -35 -5 0 -8 10 -23
22 -33 11 -9 29 -25 39 -34 11 -10 40 -23 66 -28 61 -14 94 -35 86 -56 -4 -10
1 -17 14 -20 10 -3 24 -13 30 -23 10 -15 9 -18 -5 -17 -26 2 -20 -29 6 -32 12
-2 20 -7 17 -12 -10 -17 26 -59 56 -65 16 -4 37 -18 45 -31 9 -13 25 -24 35
-24 11 0 19 -4 19 -9 0 -19 72 -51 116 -51 38 0 44 -3 44 -21 0 -22 11 -23
138 -3 28 4 42 2 42 -5 0 -14 69 -5 119 15 48 20 52 16 8 -7 -32 -17 -38 -25
-33 -42 3 -12 6 -25 6 -29 0 -14 50 -9 50 5 0 9 2 9 9 -1 13 -22 97 -5 120 24
15 19 20 21 25 9 3 -10 14 -13 33 -9 20 4 34 -1 50 -15 12 -12 29 -21 38 -21
8 0 15 -4 15 -10 0 -20 76 -11 150 17 8 4 21 5 28 4 6 -1 12 4 12 11 0 10 2
10 8 1 15 -23 253 -10 272 15 3 4 18 14 34 22 16 8 31 21 33 30 12 37 28 60
46 66 25 8 52 36 75 76 10 18 44 59 75 91 31 33 57 65 57 73 0 8 4 14 8 14 5
0 16 19 27 43 10 23 29 55 42 70 12 16 26 39 29 52 5 22 40 95 59 125 6 8 17
44 27 80 36 141 49 186 59 204 8 14 8 21 -1 26 -9 5 -9 9 -1 11 6 2 13 24 15
49 2 25 10 58 16 75 12 31 35 135 49 220 10 59 4 106 -16 121 -11 10 -10 13
10 18 24 6 47 42 47 74 0 9 7 36 15 60 12 34 13 51 4 88 -6 25 -9 65 -5 89 3
25 2 45 -2 45 -4 0 -7 14 -7 30 0 17 3 30 8 30 7 0 -1 46 -11 64 -3 6 -7 19
-8 30 -9 68 -25 128 -38 142 -12 11 -13 20 -6 34 14 26 13 30 -7 31 -14 0 -14
2 3 9 30 12 78 76 71 95 -4 8 -2 17 3 20 6 4 10 18 10 32 0 16 7 27 18 30 10
2 29 24 43 49 19 36 21 46 11 53 -11 7 -9 19 11 62 25 56 35 119 18 119 -5 0
-13 9 -16 20 -8 25 -22 26 -28 3 -4 -15 -5 -15 -6 -2 -1 13 -11 15 -54 11 -49
-4 -54 -2 -65 22 -11 25 -32 36 -32 16 0 -5 -5 -10 -11 -10 -20 0 -36 -25 -41
-67 -6 -43 -38 -92 -38 -59 0 9 -4 16 -10 16 -5 0 -10 -4 -10 -10 0 -5 -7 -10
-16 -10 -11 0 -15 -6 -11 -20 3 -11 1 -20 -4 -20 -5 0 -9 -6 -9 -14 0 -8 -7
-16 -15 -20 -8 -3 -15 -10 -15 -16 0 -6 7 -18 15 -26 17 -18 20 -34 5 -34 -5
0 -10 -7 -10 -15 0 -8 7 -15 15 -15 8 0 15 -6 15 -14 0 -8 16 -28 35 -45 19
-17 35 -37 35 -44 0 -8 6 -20 14 -27 8 -6 12 -18 9 -26 -3 -8 0 -14 6 -14 6 0
11 -4 11 -9 0 -5 -14 -4 -31 2 -21 8 -37 24 -46 45 -15 35 -49 44 -56 14 -3
-13 -6 -11 -15 11 -6 15 -16 27 -22 27 -5 0 -10 7 -10 16 0 13 -8 15 -37 12
-34 -4 -100 14 -113 31 -3 3 -17 12 -32 20 -16 8 -28 18 -28 23 0 10 -86 98
-96 98 -16 0 -49 47 -46 66 2 15 -4 24 -20 29 l-23 8 23 4 c12 2 22 11 22 19
0 9 -8 14 -22 12 -35 -4 -108 12 -108 24 0 6 -7 7 -16 4 -22 -9 -44 17 -37 44
5 19 3 22 -11 17 -14 -5 -16 -3 -11 12 6 19 -18 36 -35 26 -16 -10 -160 -13
-160 -4 0 5 -8 9 -17 9 -22 1 -96 43 -94 53 2 11 -28 67 -37 67 -12 0 -10 204
2 213 8 6 8 10 0 13 -9 4 -9 14 -1 40 8 25 8 44 0 64 -9 24 -8 32 9 50 18 19
20 30 14 83 -4 34 -9 105 -10 157 -4 131 -4 128 -27 151 -14 14 -17 24 -11 32
14 17 2 353 -13 377 -2 3 -7 44 -10 90 -4 47 -11 87 -16 88 -5 2 -9 21 -9 42
0 21 -5 51 -11 67 -20 52 -38 129 -37 164 1 88 -25 237 -44 250 -5 3 -5 24 1
50 5 24 9 87 8 139 -3 128 -13 140 -123 145 -44 2 -89 0 -101 -5z m107 -2830
c12 -12 24 -19 28 -16 5 3 21 -11 37 -30 16 -19 33 -34 40 -34 6 0 24 -12 41
-27 16 -16 56 -47 87 -71 58 -43 88 -91 79 -125 -4 -17 -6 -17 -26 1 -27 25
-64 44 -74 38 -4 -2 -27 18 -52 45 -24 27 -53 49 -64 50 -12 0 -15 3 -8 6 20
8 14 33 -9 33 -15 0 -19 -5 -15 -16 3 -9 2 -12 -5 -9 -13 9 -33 56 -30 73 1 6
-2 12 -8 12 -5 0 -15 16 -21 35 -6 19 -19 39 -28 45 -10 5 -12 10 -4 10 6 0
21 -9 32 -20z m565 -380 c4 -6 -6 -7 -25 -4 -27 6 -30 4 -30 -18 0 -28 20 -46
80 -73 59 -25 108 -58 126 -84 9 -12 19 -21 23 -21 5 0 24 -7 44 -15 26 -11
34 -19 31 -32 -4 -15 -14 -17 -54 -15 -37 3 -47 7 -43 18 3 8 -1 14 -10 14 -8
0 -18 -10 -22 -22 -7 -21 -8 -19 -18 15 -10 34 -13 37 -47 37 -26 0 -42 7 -58
25 -12 14 -22 30 -22 36 0 6 -10 9 -22 7 -14 -2 -30 5 -40 18 -22 27 -34 74
-19 74 6 0 11 5 11 10 0 32 79 57 95 30z"/>
<path d="M3168 4942 c-16 -9 -28 -20 -28 -24 0 -5 -7 -8 -16 -8 -26 0 -65
-100 -67 -172 -1 -63 9 -267 18 -343 3 -22 5 -48 5 -57 1 -10 6 -18 12 -18 6
0 8 -10 4 -24 -6 -25 -1 -28 84 -55 24 -8 36 -8 38 -1 6 17 22 11 22 -7 0 -27
-18 -51 -27 -37 -12 17 -48 26 -76 19 -23 -6 -24 -11 -26 -87 -1 -44 2 -85 8
-91 5 -7 6 -30 2 -53 -9 -47 7 -144 24 -144 14 0 45 -37 45 -54 0 -16 52 -19
62 -2 5 8 11 7 20 -2 9 -9 9 -12 -4 -12 -9 0 -21 -14 -27 -32 -10 -28 -9 -35
5 -45 9 -6 13 -17 9 -23 -9 -15 36 -60 61 -60 11 0 25 -5 32 -12 8 -8 18 -9
35 -1 29 13 43 64 21 76 -10 6 -11 13 -5 26 12 22 10 64 -4 73 -5 4 -1 8 12 8
17 0 21 6 21 34 0 18 4 42 10 52 5 11 10 39 11 64 0 25 5 70 11 100 13 76 1
152 -26 164 l-22 10 22 17 c20 16 21 27 23 191 3 202 -1 238 -25 239 -9 0 -12
3 -5 5 19 8 4 126 -19 142 -10 7 -18 22 -18 32 0 10 -4 21 -9 24 -4 3 -11 19
-14 35 -13 62 -134 94 -199 53z"/>
<path d="M4111 4139 c-50 -24 -90 -65 -91 -94 0 -11 -14 -51 -30 -90 -17 -38
-30 -77 -30 -85 0 -9 -5 -21 -10 -26 -6 -6 -12 -28 -13 -50 -2 -21 -7 -47 -12
-57 -15 -34 -11 -151 6 -184 17 -32 17 -32 -10 -35 -29 -3 -27 14 -18 -183 1
-27 6 -63 11 -78 5 -18 4 -44 -3 -69 -14 -45 -12 -49 23 -52 23 -1 27 -6 32
-48 8 -59 25 -75 60 -59 14 6 30 9 35 5 5 -3 15 1 22 8 12 12 19 25 73 131 49
97 75 237 43 237 -5 0 -9 6 -9 14 0 8 -6 17 -12 19 -8 3 -6 6 4 6 37 2 87 83
86 138 -1 16 13 68 30 116 17 48 34 114 38 147 4 33 11 60 15 60 13 0 11 31
-5 93 -15 56 -35 97 -48 97 -5 0 -8 6 -8 14 0 9 -21 21 -54 30 -68 20 -71 20
-125 -5z"/>
<path d="M3260 3563 c0 -14 6 -23 15 -23 8 0 15 -7 15 -15 0 -8 -7 -15 -15
-15 -8 0 -15 -4 -15 -10 0 -5 -7 -10 -15 -10 -8 0 -15 -5 -15 -11 0 -5 -4 -8
-9 -5 -16 10 -41 -6 -41 -26 0 -11 -8 -22 -20 -25 -14 -4 -20 -14 -20 -36 0
-17 -3 -27 -7 -23 -4 3 -6 24 -5 46 2 31 -1 40 -14 40 -12 0 -15 -6 -10 -25 4
-14 2 -25 -4 -25 -14 0 -12 -27 3 -33 7 -3 5 -6 -5 -6 -10 -1 -19 -7 -20 -13
-3 -26 -4 -33 -12 -55 -4 -13 -12 -23 -18 -23 -5 0 -8 -6 -5 -12 2 -7 0 -24
-5 -37 -5 -15 -4 -36 4 -57 13 -38 24 -43 32 -16 2 9 2 -4 -1 -30 -3 -32 -2
-48 6 -48 6 0 11 -7 11 -15 0 -8 5 -15 11 -15 11 0 39 -25 39 -35 0 -19 31
-35 57 -29 42 11 53 28 54 81 1 29 4 37 6 21 2 -16 8 -28 13 -28 14 0 22 52 9
60 -14 9 9 80 26 80 13 0 35 42 35 64 0 8 7 16 15 20 8 3 15 12 15 21 0 8 3
15 8 15 11 0 11 173 0 187 -6 8 -20 10 -34 7 -18 -5 -26 -1 -31 12 -3 11 -11
22 -17 26 -14 9 -1 20 25 22 12 0 24 7 27 14 3 9 -9 12 -42 10 -41 -1 -46 -4
-46 -25z"/>
</g>
</svg>
